0 0.915 0.86 0.17 0.28
0 0.693 0.5173333333333333 0.038 0.064
0 0.6 0.5053333333333333 0.036 0.06666666666666667
0 0.578 0.5293333333333333 0.044 0.072
0 0.486 0.504 0.04 0.06933333333333333
0 0.47 0.5333333333333333 0.056 0.08533333333333333
0 0.394 0.5346666666666666 0.048 0.072
0 0.379 0.5026666666666667 0.046 0.06133333333333333
0 0.32 0.532 0.044 0.072
0 0.247 0.544 0.046 0.096
10 0.233 0.5666666666666667 0.098 0.07733333333333334
7 0.319 0.5706666666666667 0.07 0.042666666666666665
7 0.392 0.5693333333333334 0.068 0.04533333333333334
7 0.364 0.5346666666666666 0.032 0.04533333333333334
7 0.469 0.5613333333333334 0.066 0.029333333333333333
7 0.502 0.5426666666666666 0.036 0.034666666666666665
7 0.581 0.5573333333333333 0.062 0.037333333333333336
7 0.62 0.5426666666666666 0.032 0.029333333333333333
7 0.695 0.536 0.058 0.048
2 0.749 0.6773333333333333 0.118 0.128
