10 0.253 0.4395770392749245 0.106 0.2809667673716012
10 0.312 0.4818731117824773 0.172 0.2990936555891239
10 0.848 0.45468277945619334 0.16 0.28700906344410876
10 0.677 0.4652567975830816 0.174 0.2719033232628399
10 0.575 0.42900302114803623 0.126 0.26586102719033233
0 0.87 0.338368580060423 0.136 0.3202416918429003
0 0.692 0.3564954682779456 0.148 0.3021148036253776
0 0.586 0.3429003021148036 0.12 0.2688821752265861
0 0.334 0.4169184290030212 0.18 0.40483383685800606
0 0.297 0.27492447129909364 0.106 0.10876132930513595
0 0.914 0.24018126888217523 0.052 0.22658610271903323
0 0.876 0.1540785498489426 0.044 0.09667673716012085
0 0.333 0.18277945619335348 0.054 0.09365558912386707
