7 0.676 0.7226666666666667 0.128 0.22933333333333333
7 0.513 0.6853333333333333 0.126 0.23466666666666666
7 0.368 0.664 0.132 0.24
7 0.214 0.6226666666666667 0.14 0.24266666666666667
0 0.673 0.6293333333333333 0.106 0.336
0 0.717 0.616 0.186 0.4533333333333333
0 0.519 0.588 0.098 0.31733333333333336
0 0.558 0.584 0.092 0.4266666666666667
0 0.355 0.5613333333333334 0.114 0.30133333333333334
0 0.406 0.5533333333333333 0.128 0.44
0 0.208 0.532 0.116 0.312
0 0.256 0.5386666666666666 0.144 0.4266666666666667
0 0.797 0.43733333333333335 0.026 0.11733333333333333
0 0.546 0.388 0.04 0.10933333333333334
