2 0.73 0.8973333333333333 0.112 0.152
2 0.807 0.932 0.102 0.136
2 0.95 0.912 0.1 0.17066666666666666
2 0.437 0.9293333333333333 0.162 0.14133333333333334
2 0.393 0.8946666666666667 0.114 0.152
9 0.625 0.9333333333333333 0.294 0.13333333333333333
9 0.519 0.848 0.154 0.096
2 0.286 0.8093333333333333 0.084 0.14666666666666667
2 0.13 0.8866666666666667 0.128 0.21066666666666667
2 0.063 0.9026666666666666 0.106 0.19466666666666665
0 0.561 0.7173333333333334 0.038 0.096
0 0.96 0.704 0.072 0.21866666666666668
0 0.974 0.8026666666666666 0.052 0.24533333333333332
0 0.739 0.728 0.054 0.144
0 0.786 0.7333333333333333 0.048 0.14933333333333335
0 0.19 0.6986666666666667 0.036 0.07466666666666667
