1 0.062 0.6946666666666667 0.12 0.17866666666666667
1 0.164 0.7133333333333334 0.124 0.14133333333333334
1 0.225 0.7053333333333334 0.138 0.12533333333333332
1 0.362 0.7013333333333334 0.068 0.10666666666666667
1 0.412 0.6853333333333333 0.148 0.13866666666666666
1 0.55 0.696 0.116 0.096
1 0.629 0.7 0.106 0.08266666666666667
1 0.696 0.696 0.084 0.06933333333333333
0 0.299 0.808 0.198 0.384
0 0.776 0.7 0.04 0.136
0 0.32 0.492 0.028 0.11466666666666667
0 0.453 0.5066666666666667 0.026 0.096
13 0.364 0.424 0.724 0.336
0 0.019 0.43066666666666664 0.026 0.13066666666666665
1 0.839 0.6906666666666667 0.054 0.064
1 0.788 0.684 0.072 0.08266666666666667
1 0.856 0.6693333333333333 0.056 0.06933333333333333
