2 0.724 0.452 0.112 0.09866666666666667
2 0.53 0.464 0.068 0.11733333333333333
2 0.455 0.492 0.094 0.12533333333333332
2 0.359 0.52 0.122 0.16
2 0.272 0.5413333333333333 0.108 0.16533333333333333
2 0.11 0.588 0.176 0.20533333333333334
2 0.133 0.808 0.262 0.384
2 0.81 0.5773333333333334 0.052 0.30666666666666664
2 0.769 0.6373333333333333 0.09 0.35733333333333334
2 0.717 0.6826666666666666 0.082 0.4106666666666667
2 0.625 0.7413333333333333 0.166 0.48
2 0.458 0.7693333333333333 0.264 0.4613333333333333
9 0.429 0.7466666666666667 0.774 0.5066666666666667
