5 0.932 0.62 0.092 0.38666666666666666
5 0.818 0.628 0.124 0.38133333333333336
5 0.823 0.4746666666666667 0.11 0.25066666666666665
5 0.714 0.596 0.064 0.37066666666666664
5 0.664 0.5946666666666667 0.092 0.48
5 0.586 0.5946666666666667 0.06 0.37333333333333335
5 0.525 0.584 0.098 0.496
5 0.465 0.6253333333333333 0.054 0.32266666666666666
5 0.397 0.5986666666666667 0.102 0.45066666666666666
5 0.32 0.616 0.08 0.336
5 0.233 0.6 0.094 0.44266666666666665
5 0.12 0.636 0.088 0.36533333333333334
5 0.02 0.7266666666666667 0.036 0.33866666666666667
5 0.04 0.608 0.064 0.30933333333333335
0 0.385 0.37333333333333335 0.098 0.16
