9 0.573 0.784 0.854 0.432
9 0.065 0.5146666666666667 0.126 0.18666666666666668
2 0.957 0.7293333333333333 0.086 0.22133333333333333
2 0.257 0.916 0.282 0.168
2 0.503 0.9133333333333333 0.21 0.17333333333333334
2 0.144 0.86 0.14 0.28
2 0.235 0.7946666666666666 0.286 0.3413333333333333
2 0.083 0.796 0.158 0.38133333333333336
2 0.191 0.616 0.082 0.20266666666666666
2 0.167 0.47333333333333333 0.022 0.07733333333333334
2 0.132 0.44266666666666665 0.024 0.02666666666666667
2 0.105 0.42933333333333334 0.026 0.016
2 0.074 0.4266666666666667 0.032 0.02666666666666667
2 0.033 0.5773333333333334 0.05 0.07733333333333334
2 0.018 0.532 0.032 0.018666666666666668
0 0.786 0.6 0.144 0.336
0 0.662 0.5466666666666666 0.132 0.29333333333333333
0 0.571 0.5413333333333333 0.118 0.24
0 0.473 0.5133333333333333 0.102 0.232
0 0.288 0.5013333333333333 0.176 0.18666666666666668
0 0.112 0.628 0.12 0.328
11 0.613 0.3453333333333333 0.066 0.168
