9 0.401 0.6453333333333333 0.53 0.704
0 0.825 0.676 0.35 0.632
0 0.692 0.37066666666666664 0.08 0.112
0 0.639 0.32666666666666666 0.05 0.07733333333333334
0 0.533 0.288 0.07 0.08533333333333333
0 0.5 0.33466666666666667 0.076 0.136
0 0.459 0.34933333333333333 0.062 0.16
0 0.421 0.3586666666666667 0.086 0.17866666666666667
0 0.366 0.496 0.168 0.368
0 0.133 0.6706666666666666 0.234 0.5253333333333333
0 0.259 0.31466666666666665 0.47 0.5173333333333333
5 0.567 0.45066666666666666 0.046 0.11733333333333333
5 0.536 0.492 0.048 0.11466666666666667
0 0.913 0.17466666666666666 0.066 0.088
0 0.855 0.16266666666666665 0.062 0.112
2 0.454 0.2786666666666667 0.048 0.104
2 0.527 0.27066666666666667 0.054 0.104
0 0.946 0.31733333333333336 0.092 0.10666666666666667
5 0.925 0.368 0.022 0.058666666666666666
